DATA_FETCHING_INTERVAL <- 60 * 60 * 1000