DATA_FETCHING_INTERVAL <- 60 * 3600 * 1000